Dbp2.1	Dbp2.2	Dbp2.3
YAL061W	7	26	15
YAL056W	11	39	8
YAL053W	181	341	275
YAL051W	46	49	48
YAL049C	11	25	20
YAL043C	8	7	49
YAL042W	30	8	27
YAL041W	11	128	43
YAL040C	150	123	250
YAL038W	4694	3803	5992
YAL036C	43	49	38
YAL035W	331	192	242
YAL031C	12	10	13
YAL029C	62	209	75
YAL026C	15	26	51
YAL025C	8	9	11
YAL023C	60	198	109
YAL021C	11	82	8
YAL017W	90	114	153
YAL016W	86	20	64
YAL012W	188	123	256
YAL007C	44	79	29
YAL005C	2429	1508	1645
YAL003W	1147	1324	1333
YAL001C	14	41	30
YAR002C-A	20	12	9
YAR014C	76	130	21
YAR015W	273	383	282
YAR019C	44	68	60
YAR023C	33	75	11
YAR027W	22	126	19
YAR042W	30	92	10
YBL105C	21	131	78
YBL103C	52	110	55
YBL102W	27	28	13
YBL101C	48	43	64
YBL099W	205	98	243
YBL092W	644	293	537
YBL091C	41	154	7
YBL087C	381	358	391
YBL085W	28	19	13
YBL081W	18	7	69
YBL079W	11	41	8
YBL078C	17	14	9
YBL076C	670	822	527
YBL072C	446	510	404
YBL067C	16	18	23
YBL064C	11	35	9
YBL058W	62	76	95
YBL057C	21	13	62
YBL056W	107	319	101
YBL055C	27	32	56
YBL054W	15	18	12
YBL051C	107	100	81
YBL050W	39	96	47
YBL047C	160	168	165
YBL046W	21	41	39
YBL045C	8	93	48
YBL041W	89	101	25
YBL040C	39	14	85
YBL039C	48	79	40
YBL032W	29	44	18
YBL030C	159	133	112
YBL027W	560	480	741
YBL026W	67	28	44
YBL024W	95	111	136
YBL022C	110	65	181
YBL018C	19	6	17
YBL017C	224	196	116
YBL015W	12	28	14
YBL007C	160	160	159
YBL005W	57	91	134
YBL004W	341	248	349
YBL003C	180	120	81
YBL002W	283	57	250
YBL001C	32	8	36
YBR002C	17	81	22
YBR003W	33	33	11
YBR004C	44	67	57
YBR005W	102	17	116
YBR008C	14	7	7
YBR009C	131	31	116
YBR010W	266	58	197
YBR011C	431	289	369
YBR015C	18	21	34
YBR016W	110	221	115
YBR017C	13	22	17
YBR023C	8	65	12
YBR025C	240	125	117
YBR031W	574	786	812
YBR034C	61	98	62
YBR036C	98	86	149
YBR037C	9	25	16
YBR039W	74	15	83
YBR041W	62	15	58
YBR048W	410	597	604
YBR049C	7	75	9
YBR052C	24	33	30
YBR056W	11	56	66
YBR059C	44	311	76
YBR062C	21	63	28
YBR067C	108	22	87
YBR068C	439	305	547
YBR069C	46	64	46
YBR074W	19	27	15
YBR076C-A	11	33	39
YBR077C	11	19	41
YBR078W	1591	1142	1904
YBR079C	179	242	221
YBR080C	48	71	52
YBR082C	220	221	243
YBR084W	25	32	41
YBR084C-A	395	265	474
YBR085C-A	96	256	88
YBR086C	156	216	213
YBR095C	38	6	12
YBR101C	176	214	128
YBR106W	179	316	124
YBR109C	31	31	70
YBR111W-A	40	9	10
YBR112C	53	132	68
YBR115C	29	10	45
YBR118W	6320	3870	5746
YBR121C	147	207	201
YBR122C	25	94	33
YBR126C	179	75	114
YBR127C	466	345	361
YBR129C	8	55	15
YBR136W	6	9	13
YBR139W	25	8	18
YBR140C	94	344	173
YBR143C	80	34	67
YBR149W	48	11	54
YBR154C	23	31	25
YBR158W	42	8	52
YBR159W	32	56	19
YBR161W	23	58	39
YBR162C	663	701	632
YBR162W-A	47	17	23
YBR170C	37	38	16
YBR172C	16	10	24
YBR177C	45	12	55
YBR181C	675	431	602
YBR187W	40	23	24
YBR189W	572	365	536
YBR191W	290	170	333
YBR196C	1238	525	979
YBR199W	57	94	58
YBR200W	7	41	47
YBR202W	35	33	58
YBR207W	66	111	90
YBR208C	14	7	63
YBR210W	21	53	19
YBR212W	142	43	177
YBR214W	62	56	105
YBR218C	44	30	42
YBR221C	175	167	117
YBR222C	50	30	47
YBR229C	75	14	38
YBR230C	69	27	149
YBR231C	413	893	461
YBR234C	102	12	187
YBR238C	43	10	57
YBR244W	31	19	71
YBR247C	42	34	15
YBR249C	159	152	152
YBR252W	10	18	10
YBR255C-A	58	67	96
YBR263W	54	74	79
YBR265W	8	15	43
YBR267W	7	57	12
YBR279W	23	7	46
YBR283C	137	71	147
YBR286W	328	311	326
YBR287W	97	100	181
YBR288C	41	15	12
YBR296C	89	80	183
YBR297W	9	34	29
YCL064C	86	160	45
YCL057W	37	240	57
YCL054W	21	7	10
YCL050C	69	68	39
YCL045C	130	39	213
YCL043C	361	137	304
YCL040W	100	24	56
YCL037C	31	68	54
YCL031C	43	34	92
YCL030C	199	437	147
YCL028W	15	17	7
YCL024W	6	21	29
YCL021W-A	23	30	21
YCL011C	114	40	139
YCL010C	51	9	41
YCL009C	155	146	86
YCL005W-A	65	15	122
YCL002C	21	11	34
YCR002C	88	65	34
YCR004C	56	47	78
YCR005C	176	155	186
YCR008W	140	77	209
YCR009C	107	13	111
YCR011C	166	165	180
YCR012W	3342	1795	2719
YCR017C	61	208	48
YCR018C	21	28	25
YCR025C	52	35	50
YCR028C	18	11	32
YCR028C-A	6	6	13
YCR031C	476	390	776
YCR033W	42	84	102
YCR034W	12	10	32
YCR036W	6	43	11
YCR042C	22	11	8
YCR052W	6	117	11
YCR053W	334	454	252
YCR063W	8	60	9
YCR065W	24	24	114
YCR067C	68	114	145
YCR069W	30	57	14
YCR077C	20	112	22
YCR084C	84	177	131
YCR088W	165	107	131
YCR093W	205	108	193
YCR097W	49	48	43
YDL248W	11	30	10
YDL237W	25	11	30
YDL233W	20	54	19
YDL231C	43	30	28
YDL229W	1868	2084	1948
YDL217C	21	10	50
YDL215C	48	119	70
YDL212W	30	70	21
YDL208W	33	59	41
YDL205C	23	32	40
YDL201W	12	10	10
YDL198C	33	7	31
YDL195W	166	314	275
YDL192W	244	431	136
YDL191W	417	276	575
YDL190C	72	62	133
YDL189W	19	134	116
YDL188C	12	15	56
YDL185W	745	663	817
YDL184C	443	239	333
YDL182W	8	50	25
YDL178W	46	56	75
YDL174C	19	56	6
YDL173W	47	111	27
YDL171C	262	365	232
YDL160C	233	126	250
YDL155W	7	22	9
YDL147W	116	57	164
YDL146W	11	52	8
YDL145C	102	188	195
YDL143W	75	58	36
YDL140C	460	452	689
YDL137W	190	95	179
YDL136W	262	133	193
YDL135C	15	57	26
YDL134C	100	104	70
YDL133C-A	564	180	593
YDL132W	88	96	64
YDL131W	71	54	50
YDL130W	373	650	492
YDL128W	18	6	7
YDL126C	486	864	470
YDL125C	182	46	221
YDL124W	84	101	88
YDL123W	28	104	71
YDL110C	60	40	27
YDL100C	175	87	62
YDL097C	51	87	111
YDL095W	51	111	115
YDL092W	10	31	38
YDL086W	17	8	6
YDL084W	197	63	243
YDL083C	373	419	609
YDL082W	367	202	533
YDL081C	364	212	332
YDL076C	16	24	12
YDL075W	522	417	744
YDL074C	85	52	166
YDL073W	18	8	27
YDL072C	141	16	101
YDL070W	268	393	422
YDL066W	51	142	72
YDL064W	29	17	15
YDL063C	10	89	26
YDL061C	313	388	370
YDL058W	81	64	111
YDL057W	9	36	22
YDL056W	41	53	55
YDL055C	613	370	589
YDL052C	39	135	73
YDL051W	106	17	39
YDL048C	19	17	7
YDL047W	25	48	59
YDL046W	89	23	145
YDL039C	100	95	114
YDL037C	118	91	195
YDL035C	51	48	97
YDL031W	102	59	42
YDL029W	65	61	171
YDL025C	8	7	60
YDL022W	385	364	612
YDL020C	66	304	102
YDL019C	51	32	20
YDL015C	54	30	72
YDL014W	105	75	209
YDL010W	30	99	31
YDL007W	81	25	37
YDL005C	15	64	28
YDL004W	29	75	27
YDR001C	64	82	55
YDR002W	207	78	120
YDR006C	53	80	48
YDR011W	132	181	154
YDR012W	501	324	585
YDR019C	73	89	99
YDR022C	8	41	12
YDR023W	172	131	192
YDR025W	452	341	456
YDR027C	21	8	16
YDR028C	83	12	53
YDR032C	28	33	75
YDR033W	602	453	534
YDR034C	23	36	26
YDR037W	260	840	310
YDR039C	29	8	28
YDR041W	19	18	29
YDR044W	49	17	33
YDR046C	34	93	40
YDR047W	30	15	66
YDR050C	1346	980	1106
YDR052C	50	17	54
YDR054C	71	42	52
YDR055W	53	34	68
YDR060W	29	93	47
YDR062W	124	126	145
YDR064W	784	625	892
YDR069C	16	23	34
YDR071C	91	47	59
YDR072C	215	224	358
YDR073W	43	212	69
YDR074W	617	318	534
YDR077W	1511	1327	2280
YDR086C	85	25	49
YDR089W	6	64	28
YDR090C	8	12	8
YDR091C	31	199	143
YDR092W	23	195	42
YDR093W	23	162	68
YDR096W	40	47	89
YDR097C	14	99	10
YDR098C	25	55	9
YDR099W	383	600	404
YDR100W	6	7	9
YDR119W	11	8	13
YDR124W	8	16	6
YDR127W	119	164	118
YDR129C	236	116	252
YDR133C	123	206	168
YDR135C	34	41	90
YDR137W	9	18	7
YDR138W	65	29	81
YDR141C	28	93	19
YDR144C	9	25	11
YDR145W	7	78	25
YDR150W	19	105	64
YDR151C	65	186	62
YDR153C	9	33	42
YDR158W	22	50	11
YDR161W	9	11	14
YDR168W	11	41	61
YDR170C	164	211	90
YDR171W	165	208	66
YDR172W	119	143	121
YDR174W	81	44	121
YDR175C	6	12	38
YDR176W	26	11	18
YDR177W	50	184	60
YDR178W	54	110	39
YDR186C	51	21	131
YDR188W	46	106	53
YDR189W	25	61	22
YDR190C	71	70	58
YDR194C	82	120	57
YDR204W	19	84	12
YDR206W	19	22	60
YDR208W	68	6	115
YDR210W	13	65	10
YDR211W	44	232	23
YDR212W	115	239	71
YDR213W	34	39	7
YDR221W	29	20	8
YDR224C	205	442	239
YDR225W	345	98	131
YDR226W	139	105	137
YDR232W	103	366	187
YDR233C	246	70	179
YDR234W	6	79	16
YDR235W	18	14	23
YDR237W	12	39	62
YDR238C	203	199	156
YDR251W	126	234	157
YDR258C	210	59	122
YDR262W	29	12	15
YDR264C	133	206	80
YDR270W	32	41	39
YDR276C	262	152	165
YDR278C	769	1542	1349
YDR283C	10	12	21
YDR293C	238	429	277
YDR297W	33	243	68
YDR298C	42	19	22
YDR301W	56	9	70
YDR303C	15	8	23
YDR304C	74	28	32
YDR310C	15	40	35
YDR321W	52	10	56
YDR326C	26	111	12
YDR328C	30	36	10
YDR334W	11	34	41
YDR335W	76	128	73
YDR341C	80	112	51
YDR345C	719	337	288
YDR346C	81	85	93
YDR347W	22	6	11
YDR352W	8	134	31
YDR353W	107	60	105
YDR363W-A	36	81	72
YDR365C	247	433	254
YDR372C	27	42	33
YDR373W	22	22	25
YDR377W	26	25	39
YDR378C	50	135	42
YDR379W	13	15	6
YDR381W	285	235	422
YDR381C-A	20	25	51
YDR382W	478	436	594
YDR384C	12	30	7
YDR385W	1798	1744	1868
YDR389W	38	103	14
YDR395W	21	27	9
YDR397C	20	28	68
YDR399W	97	50	248
YDR404C	45	17	48
YDR405W	11	78	26
YDR407C	9	164	36
YDR408C	32	60	42
YDR412W	7	45	8
YDR418W	368	478	306
YDR420W	77	125	80
YDR422C	54	93	32
YDR427W	31	17	24
YDR429C	55	39	77
YDR430C	22	88	17
YDR432W	57	72	189
YDR447C	357	134	336
YDR450W	447	274	622
YDR451C	28	81	41
YDR452W	21	36	74
YDR454C	41	104	90
YDR457W	108	239	224
YDR461W	31	32	74
YDR463W	21	19	13
YDR466W	15	35	6
YDR471W	346	107	318
YDR472W	12	44	27
YDR477W	22	36	10
YDR481C	152	36	206
YDR482C	14	15	13
YDR483W	186	170	152
YDR485C	8	17	31
YDR490C	9	37	27
YDR496C	34	152	25
YDR497C	130	115	138
YDR500C	299	142	215
YDR508C	133	87	222
YDR510W	55	88	111
YDR516C	9	7	10
YDR517W	29	161	33
YDR524C	22	115	31
YDR528W	11	6	9
YEL071W	161	41	103
YEL063C	29	19	28
YEL060C	312	142	584
YEL056W	8	11	12
YEL055C	112	87	78
YEL054C	483	285	500
YEL053C	51	26	28
YEL051W	50	44	48
YEL047C	61	102	89
YEL046C	435	637	617
YEL042W	111	58	67
YEL040W	339	124	221
YEL038W	40	50	20
YEL037C	26	29	37
YEL033W	58	165	40
YEL032W	33	80	23
YEL031W	288	314	280
YEL027W	325	235	496
YEL026W	151	99	273
YEL023C	7	6	9
YEL022W	14	115	14
YEL017C-A	439	300	388
YEL013W	47	85	39
YEL011W	8	158	19
YEL009C	681	800	639
YEL007W	69	87	18
YEL006W	9	96	26
YEL002C	28	6	43
YEL001C	11	101	59
YER001W	32	71	56
YER003C	89	190	138
YER004W	40	61	84
YER006W	10	8	10
YER008C	19	119	26
YER009W	122	153	47
YER011W	134	344	100
YER012W	36	20	66
YER019W	13	12	40
YER019C-A	64	337	160
YER020W	53	101	53
YER021W	176	178	91
YER023W	40	10	36
YER025W	155	85	185
YER026C	69	48	32
YER036C	211	142	89
YER038C	10	32	21
YER043C	551	594	536
YER044C	21	9	23
YER045C	13	23	11
YER048C	44	85	86
YER048W-A	11	49	8
YER050C	9	19	6
YER051W	7	31	11
YER052C	80	201	36
YER055C	109	180	120
YER056C	259	212	257
YER056C-A	347	293	436
YER059W	16	25	8
YER061C	92	44	248
YER062C	99	53	264
YER064C	162	159	216
YER065C	23	39	50
YER068W	24	25	9
YER070W	197	79	210
YER072W	154	100	240
YER073W	241	127	443
YER074W	414	394	408
YER074W-A	74	8	46
YER075C	29	55	63
YER080W	10	19	20
YER086W	121	27	140
YER088C	81	204	50
YER089C	29	10	23
YER091C	130	279	216
YER093C	15	6	21
YER094C	58	26	27
YER095W	19	17	22
YER097W	29	51	163
YER102W	658	578	660
YER103W	48	20	19
YER105C	38	75	48
YER110C	189	171	121
YER112W	13	49	10
YER117W	326	260	341
YER120W	73	83	105
YER122C	23	12	30
YER124C	79	115	55
YER125W	132	367	102
YER129W	21	148	17
YER130C	72	49	52
YER131W	312	96	353
YER133W	367	126	382
YER136W	82	234	113
YER137W-A	179	85	247
YER143W	6	8	25
YER144C	83	86	27
YER145C	34	35	61
YER148W	13	6	10
YER151C	11	117	31
YER155C	83	148	154
YER158C	59	26	31
YER159C	67	27	43
YER164W	128	85	94
YER165W	659	507	674
YER166W	24	38	32
YER167W	16	36	24
YER172C	93	31	208
YER176W	27	87	19
YER177W	406	343	242
YER178W	203	499	322
YFL049W	6	57	14
YFL048C	10	27	18
YFL045C	212	199	188
YFL039C	1451	1037	1525
YFL038C	55	99	79
YFL037W	192	251	204
YFL036W	16	43	29
YFL034C-A	19	10	83
YFL033C	37	70	18
YFL031W	722	492	915
YFL026W	77	138	16
YFL022C	84	318	94
YFL018C	36	19	21
YFL016C	7	40	33
YFL010C	52	114	54
YFL008W	19	14	9
YFL007W	52	119	61
YFL005W	17	119	25
YFL004W	43	25	78
YFL002C	44	16	80
YFR002W	32	83	37
YFR004W	13	53	60
YFR009W	62	81	54
YFR010W	30	42	67
YFR014C	7	53	15
YFR016C	104	457	91
YFR018C	18	71	13
YFR019W	48	50	91
YFR024C-A	62	126	37
YFR031C	100	8	69
YFR031C-A	678	494	801
YFR040W	63	133	78
YFR044C	56	22	26
YFR045W	20	7	23
YFR050C	68	53	31
YFR051C	51	123	67
YFR052W	55	20	101
YFR055W	80	143	87
YGL254W	26	108	13
YGL253W	826	546	790
YGL252C	26	67	70
YGL245W	426	357	306
YGL244W	34	26	11
YGL238W	43	26	54
YGL234W	395	409	404
YGL233W	12	34	7
YGL232W	13	24	13
YGL228W	10	24	38
YGL226C-A	60	15	77
YGL225W	169	97	111
YGL222C	15	221	23
YGL219C	9	38	25
YGL215W	104	114	186
YGL207W	73	114	147
YGL206C	252	531	291
YGL202W	200	244	290
YGL200C	10	21	21
YGL197W	42	29	22
YGL195W	240	277	370
YGL191W	21	43	21
YGL190C	57	109	96
YGL187C	41	154	109
YGL186C	9	49	19
YGL180W	6	12	7
YGL179C	26	10	65
YGL178W	143	117	173
YGL176C	13	70	33
YGL173C	391	545	348
YGL167C	185	244	331
YGL151W	31	37	41
YGL150C	42	70	35
YGL148W	91	47	99
YGL147C	407	304	349
YGL140C	75	122	17
YGL139W	17	26	8
YGL137W	180	313	254
YGL135W	578	248	395
YGL123W	963	395	797
YGL122C	50	100	96
YGL120C	28	42	24
YGL105W	115	139	181
YGL103W	877	608	1169
YGL098W	64	26	67
YGL097W	17	64	40
YGL095C	8	6	27
YGL092W	19	41	27
YGL088W	176	454	489
YGL086W	64	12	31
YGL083W	38	8	6
YGL082W	50	20	42
YGL078C	38	58	18
YGL077C	37	79	28
YGL076C	807	608	924
YGL071W	18	43	32
YGL067W	16	44	11
YGL065C	18	17	18
YGL062W	81	179	135
YGL056C	41	397	79
YGL055W	587	611	577
YGL054C	89	31	55
YGL049C	8	22	26
YGL048C	110	70	86
YGL043W	41	7	23
YGL040C	53	99	157
YGL039W	19	59	15
YGL038C	35	82	80
YGL037C	189	165	296
YGL036W	32	8	34
YGL035C	13	53	62
YGL031C	484	299	454
YGL030W	553	324	585
YGL028C	131	55	177
YGL027C	17	9	17
YGL026C	87	134	121
YGL022W	187	67	67
YGL014W	23	124	56
YGL013C	12	103	51
YGL012W	41	33	23
YGL011C	63	110	111
YGL009C	496	592	372
YGL008C	5193	3392	4059
YGL006W	195	138	139
YGL005C	19	47	40
YGL003C	8	34	15
YGL001C	37	10	13
YGR007W	21	6	15
YGR008C	52	17	12
YGR014W	37	100	93
YGR017W	30	58	88
YGR020C	27	39	20
YGR023W	118	283	132
YGR024C	33	82	26
YGR027C	418	433	473
YGR032W	494	360	698
YGR033C	47	211	25
YGR034W	361	223	301
YGR036C	34	43	62
YGR037C	130	139	167
YGR040W	12	33	9
YGR046W	11	40	33
YGR047C	15	25	27
YGR054W	52	31	82
YGR055W	174	82	138
YGR056W	52	96	42
YGR057C	25	21	14
YGR060W	187	458	186
YGR061C	764	523	857
YGR063C	22	126	39
YGR082W	32	49	32
YGR083C	36	12	18
YGR085C	134	47	178
YGR086C	414	103	725
YGR089W	68	41	213
YGR090W	38	64	54
YGR094W	462	400	465
YGR097W	26	13	40
YGR103W	131	57	98
YGR106C	61	109	73
YGR108W	67	101	91
YGR116W	62	195	74
YGR117C	8	62	6
YGR118W	493	304	727
YGR119C	11	39	31
YGR121C	6	30	28
YGR122W	20	83	61
YGR124W	301	356	340
YGR130C	39	42	31
YGR132C	15	69	15
YGR135W	111	136	140
YGR136W	27	33	24
YGR138C	64	18	30
YGR142W	268	60	184
YGR143W	44	31	15
YGR145W	7	12	10
YGR146C	59	151	66
YGR148C	279	241	436
YGR155W	279	442	455
YGR157W	217	86	189
YGR159C	165	233	264
YGR161C	52	32	91
YGR162W	150	98	139
YGR167W	20	19	52
YGR175C	236	86	167
YGR178C	35	30	39
YGR180C	365	165	288
YGR184C	266	36	246
YGR185C	136	305	229
YGR186W	31	22	27
YGR187C	55	252	82
YGR188C	33	10	31
YGR189C	405	204	500
YGR191W	39	85	127
YGR192C	8754	4488	7600
YGR193C	50	72	13
YGR194C	59	8	21
YGR198W	20	9	38
YGR200C	10	7	30
YGR204W	361	298	325
YGR207C	11	6	17
YGR208W	16	22	23
YGR209C	71	115	81
YGR211W	167	23	166
YGR214W	431	345	556
YGR215W	13	14	20
YGR218W	92	61	245
YGR229C	20	71	45
YGR231C	28	66	19
YGR232W	14	19	16
YGR233C	12	11	29
YGR234W	75	87	60
YGR237C	14	10	30
YGR240C	1008	970	941
YGR241C	14	11	13
YGR243W	20	103	53
YGR244C	12	58	7
YGR249W	22	35	10
YGR250C	6	18	10
YGR253C	73	13	23
YGR254W	1602	1089	1139
YGR257C	21	105	16
YGR260W	61	152	86
YGR264C	124	84	101
YGR270W	38	50	23
YGR271W	20	29	24
YGR279C	640	612	447
YGR281W	60	113	49
YGR282C	379	254	473
YGR284C	80	43	83
YGR285C	285	938	277
YGR295C	22	49	59
YHL039W	16	6	27
YHL036W	59	24	64
YHL034C	220	210	184
YHL033C	379	182	389
YHL030W	105	25	69
YHL027W	57	37	36
YHL021C	79	163	139
YHL015W	605	452	705
YHL011C	40	56	27
YHL007C	14	17	18
YHL001W	375	211	243
YHR005C-A	118	33	85
YHR007C	275	234	279
YHR008C	32	23	33
YHR009C	27	35	21
YHR010W	351	275	685
YHR013C	15	22	41
YHR016C	61	18	39
YHR017W	10	51	7
YHR018C	115	17	97
YHR019C	401	505	395
YHR020W	101	324	165
YHR021C	371	116	415
YHR023W	11	152	27
YHR025W	50	159	53
YHR026W	111	132	65
YHR027C	105	110	113
YHR029C	7	8	9
YHR030C	136	100	128
YHR032W	14	79	14
YHR037W	7	66	15
YHR039C	15	84	32
YHR039C-A	116	96	78
YHR041C	13	8	18
YHR042W	96	66	164
YHR049W	17	17	34
YHR055C	218	35	145
YHR063C	7	12	15
YHR064C	312	284	276
YHR068W	135	97	88
YHR070W	10	13	15
YHR071W	31	30	23
YHR072W-A	97	60	30
YHR073W	27	39	20
YHR074W	36	34	32
YHR078W	8	53	42
YHR079C	45	22	126
YHR082C	47	59	80
YHR084W	6	35	15
YHR086W	23	51	42
YHR087W	23	17	49
YHR089C	95	56	99
YHR094C	266	105	560
YHR097C	66	108	192
YHR098C	40	39	45
YHR099W	132	69	200
YHR103W	15	11	10
YHR104W	21	28	17
YHR108W	19	25	14
YHR115C	23	12	27
YHR117W	8	12	12
YHR128W	29	8	31
YHR131C	19	104	64
YHR132C	80	21	78
YHR135C	74	40	211
YHR141C	354	568	390
YHR142W	37	37	7
YHR143W	471	305	606
YHR143W-A	12	61	8
YHR145C	116	193	210
YHR146W	23	25	22
YHR155W	31	75	96
YHR158C	15	190	27
YHR162W	139	38	113
YHR163W	44	49	57
YHR165C	78	70	86
YHR170W	27	30	24
YHR174W	7677	4557	6644
YHR179W	415	473	330
YHR180W-A	79	789	181
YHR183W	454	544	281
YHR190W	109	189	122
YHR193C	148	281	139
YHR195W	6	13	10
YHR199C	12	11	23
YHR200W	40	99	51
YHR201C	11	152	8
YHR203C	707	666	729
YHR205W	6	75	24
YHR206W	18	13	72
YHR208W	253	99	211
YHR215W	10	7	6
YIL149C	56	176	103
YIL148W	552	332	364
YIL147C	9	15	11
YIL145C	15	43	44
YIL142W	73	74	42
YIL137C	11	26	18
YIL133C	399	124	377
YIL130W	9	17	16
YIL129C	56	72	58
YIL128W	14	40	25
YIL126W	39	238	56
YIL125W	72	125	88
YIL124W	40	25	7
YIL123W	531	342	698
YIL121W	13	68	12
YIL119C	24	39	85
YIL118W	37	35	38
YIL117C	22	10	7
YIL116W	15	88	27
YIL115C	44	35	13
YIL111W	42	24	96
YIL109C	74	44	84
YIL106W	23	8	45
YIL105C	34	7	49
YIL101C	14	7	9
YIL094C	75	24	33
YIL093C	8	141	6
YIL090W	16	32	34
YIL083C	32	36	28
YIL078W	198	226	174
YIL075C	265	421	285
YIL074C	28	98	80
YIL069C	217	106	159
YIL062C	60	133	29
YIL056W	127	213	222
YIL053W	871	879	1274
YIL052C	317	90	358
YIL051C	210	168	236
YIL050W	44	103	76
YIL048W	99	63	105
YIL047C	41	117	23
YIL041W	28	26	55
YIL039W	16	139	13
YIL038C	40	25	17
YIL036W	53	85	115
YIL035C	24	62	61
YIL034C	72	7	115
YIL033C	112	18	73
YIL031W	22	9	17
YIL030C	142	29	137
YIL027C	40	8	17
YIL022W	87	312	105
YIL018W	706	496	936
YIL015W	81	82	49
YIL002W-A	30	116	8
YIR004W	45	19	41
YIR006C	213	373	250
YIR010W	6	10	26
YIR012W	21	7	29
YIR023W	9	66	17
YJL213W	43	220	13
YJL212C	11	19	15
YJL207C	73	215	42
YJL201W	11	9	11
YJL198W	44	105	134
YJL193W	27	50	30
YJL191W	117	58	425
YJL190C	371	344	311
YJL189W	368	416	530
YJL186W	25	96	62
YJL183W	21	13	46
YJL177W	378	214	335
YJL174W	93	59	79
YJL172W	77	111	56
YJL171C	195	434	395
YJL168C	13	7	38
YJL167W	27	14	70
YJL165C	158	181	101
YJL164C	26	80	86
YJL159W	1888	859	2233
YJL158C	428	229	495
YJL154C	88	111	83
YJL151C	88	90	73
YJL143W	60	130	68
YJL141C	59	141	111
YJL140W	71	17	48
YJL138C	254	223	262
YJL136C	343	76	284
YJL130C	430	630	462
YJL128C	51	76	74
YJL127C-B	25	18	14
YJL124C	29	27	41
YJL123C	13	188	46
YJL122W	42	19	21
YJL121C	19	7	25
YJL117W	133	36	66
YJL111W	55	41	48
YJL109C	153	72	213
YJL108C	47	51	23
YJL107C	79	150	192
YJL101C	21	14	39
YJL094C	63	30	54
YJL092W	7	64	21
YJL091C	9	33	12
YJL083W	7	78	76
YJL082W	19	127	39
YJL080C	326	437	424
YJL079C	29	231	52
YJL078C	54	23	7
YJL076W	116	48	121
YJL063C	18	21	9
YJL062W	14	128	15
YJL061W	50	28	93
YJL060W	19	60	27
YJL052W	341	336	122
YJL050W	37	49	105
YJL048C	27	51	12
YJL047C-A	120	130	169
YJL047C	10	58	8
YJL044C	14	58	10
YJL042W	126	550	115
YJL041W	146	93	77
YJL039C	162	188	112
YJL034W	751	688	538
YJL033W	44	7	19
YJL031C	7	42	12
YJL030W	9	94	6
YJL029C	28	72	78
YJL026W	168	174	103
YJL020C	22	47	69
YJL016W	14	14	17
YJL014W	95	58	31
YJL013C	26	17	12
YJL012C	307	295	217
YJL008C	101	71	44
YJL005W	212	128	206
YJL004C	29	14	6
YJL003W	21	18	7
YJL002C	109	47	84
YJL001W	162	130	78
YJR001W	53	140	32
YJR002W	24	147	23
YJR005W	37	48	34
YJR007W	72	70	139
YJR009C	2259	1441	1620
YJR010C-A	17	25	6
YJR015W	30	44	21
YJR016C	413	493	525
YJR042W	15	78	8
YJR045C	1083	556	868
YJR046W	33	216	42
YJR059W	67	175	40
YJR064W	71	25	64
YJR065C	88	219	53
YJR066W	90	28	173
YJR070C	11	23	27
YJR076C	37	97	8
YJR077C	57	38	59
YJR080C	6	7	15
YJR088C	38	16	36
YJR090C	55	27	35
YJR091C	170	105	476
YJR094W-A	208	152	303
YJR101W	64	12	38
YJR103W	32	83	6
YJR104C	219	337	160
YJR105W	182	76	82
YJR106W	14	26	43
YJR109C	12	13	52
YJR112W	9	15	13
YJR117W	28	7	41
YJR121W	190	186	128
YJR123W	1051	643	984
YJR131W	31	40	33
YJR132W	150	39	68
YJR135W-A	13	24	32
YJR137C	10	8	13
YJR139C	161	37	171
YJR143C	97	74	73
YJR145C	722	422	703
YJR148W	170	97	158
YKL218C	9	24	22
YKL216W	263	299	184
YKL213C	20	20	36
YKL212W	147	146	125
YKL211C	16	106	28
YKL210W	189	257	334
YKL209C	35	39	24
YKL207W	16	23	18
YKL205W	21	77	31
YKL201C	19	8	14
YKL198C	6	9	57
YKL196C	10	55	19
YKL195W	87	72	114
YKL192C	51	266	62
YKL191W	10	19	25
YKL190W	75	161	49
YKL185W	45	30	27
YKL184W	77	182	63
YKL182W	1614	1541	1464
YKL181W	57	32	88
YKL180W	471	406	679
YKL176C	34	122	49
YKL173W	39	12	39
YKL170W	17	6	25
YKL164C	493	176	389
YKL160W	8	83	7
YKL157W	54	143	38
YKL156W	68	210	155
YKL154W	20	9	15
YKL152C	2458	1435	2192
YKL150W	31	120	50
YKL142W	43	18	51
YKL140W	14	42	23
YKL129C	14	14	7
YKL128C	11	23	76
YKL127W	12	75	9
YKL126W	50	82	54
YKL125W	6	7	8
YKL122C	36	94	14
YKL120W	34	65	21
YKL117W	163	48	187
YKL110C	13	18	33
YKL109W	8	11	7
YKL105C	20	101	7
YKL104C	82	309	49
YKL101W	141	27	254
YKL100C	110	47	105
YKL096W-A	647	642	1101
YKL096W	51	69	71
YKL092C	11	45	44
YKL087C	21	10	10
YKL085W	8	91	7
YKL081W	966	883	1225
YKL080W	111	39	69
YKL077W	33	18	25
YKL068W-A	48	50	29
YKL065C	104	80	114
YKL064W	11	33	12
YKL063C	22	73	15
YKL060C	4669	4258	4547
YKL058W	23	16	19
YKL057C	25	99	67
YKL056C	601	382	525
YKL054C	101	137	105
YKL043W	11	134	32
YKL039W	24	66	35
YKL038W	10	25	24
YKL035W	198	121	193
YKL033W-A	30	110	47
YKL032C	88	66	72
YKL029C	128	339	168
YKL020C	17	33	16
YKL014C	34	37	97
YKL010C	37	29	106
YKL009W	24	98	43
YKL008C	26	107	11
YKL006W	483	257	508
YKL004W	34	36	39
YKL002W	10	19	13
YKR001C	53	55	54
YKR008W	99	84	100
YKR013W	31	143	103
YKR014C	26	83	75
YKR018C	68	98	42
YKR026C	26	138	25
YKR028W	84	247	103
YKR035W-A	18	28	7
YKR038C	43	48	105
YKR042W	818	393	838
YKR048C	9	138	14
YKR057W	241	60	247
YKR058W	11	36	32
YKR059W	712	528	616
YKR061W	10	41	23
YKR067W	87	80	85
YKR072C	40	79	48
YKR075C	19	231	81
YKR080W	103	53	99
YKR082W	29	98	17
YKR084C	18	24	15
YKR086W	23	17	34
YKR089C	37	97	99
YKR092C	20	13	32
YKR093W	107	306	196
YKR094C	453	441	463
YKR095W	43	76	49
YKR096W	22	34	20
YKR100C	31	55	41
YLL051C	7	174	17
YLL050C	296	116	334
YLL048C	63	156	45
YLL045C	533	773	607
YLL043W	48	222	94
YLL040C	102	103	42
YLL039C	82	62	118
YLL028W	31	25	32
YLL027W	10	49	54
YLL026W	1162	611	879
YLL024C	2269	1388	1953
YLL023C	68	17	22
YLL021W	49	43	19
YLL018C	121	56	110
YLL015W	161	123	138
YLL013C	70	269	62
YLL009C	36	18	16
YLL008W	17	14	9
YLR006C	6	22	19
YLR009W	20	53	16
YLR017W	21	21	60
YLR022C	7	41	7
YLR025W	26	110	25
YLR027C	158	355	134
YLR028C	73	306	70
YLR029C	632	655	693
YLR034C	37	53	42
YLR039C	86	53	39
YLR043C	145	52	137
YLR044C	7325	4449	6745
YLR048W	858	853	881
YLR056W	109	300	201
YLR058C	553	555	723
YLR060W	162	271	110
YLR061W	460	378	563
YLR065C	12	16	18
YLR066W	26	10	37
YLR067C	23	41	6
YLR069C	29	63	7
YLR071C	15	19	33
YLR075W	1021	874	981
YLR083C	144	82	127
YLR089C	99	328	158
YLR093C	53	100	172
YLR094C	55	10	139
YLR095C	33	9	93
YLR096W	11	79	40
YLR099C	11	116	31
YLR100W	86	8	89
YLR104W	18	77	32
YLR106C	757	442	693
YLR109W	726	353	725
YLR110C	2443	3471	3768
YLR113W	144	36	114
YLR118C	8	117	9
YLR120C	259	240	340
YLR121C	62	121	76
YLR129W	18	14	27
YLR138W	59	239	152
YLR139C	82	16	41
YLR143W	37	48	60
YLR148W	14	18	17
YLR149C	60	16	25
YLR150W	568	335	564
YLR152C	65	12	52
YLR153C	271	245	285
YLR154W-B	33	118	236
YLR154W-C	33	134	108
YLR154W-E	6	11	70
YLR154W-F	130	311	449
YLR163C	55	7	42
YLR167W	907	532	624
YLR172C	15	83	9
YLR175W	215	139	168
YLR180W	333	92	273
YLR185W	321	572	502
YLR194C	208	141	189
YLR196W	28	43	57
YLR197W	200	121	178
YLR203C	57	19	52
YLR204W	36	7	37
YLR206W	80	111	81
YLR208W	52	90	165
YLR214W	34	49	31
YLR216C	79	47	98
YLR219W	38	25	16
YLR220W	53	204	12
YLR223C	9	34	22
YLR224W	17	42	36
YLR225C	40	41	15
YLR226W	6	11	9
YLR229C	83	108	40
YLR238W	17	6	6
YLR244C	27	43	25
YLR247C	33	65	14
YLR248W	34	13	7
YLR249W	3796	2824	3036
YLR250W	15	9	9
YLR254C	10	42	49
YLR256W	245	586	249
YLR257W	214	235	156
YLR258W	9	112	11
YLR259C	425	175	215
YLR264W	120	255	205
YLR286C	665	259	633
YLR287C-A	387	125	441
YLR293C	286	284	435
YLR299W	12	61	17
YLR300W	417	261	260
YLR301W	26	10	66
YLR304C	367	136	204
YLR305C	24	87	32
YLR309C	45	35	30
YLR310C	110	148	169
YLR314C	57	29	58
YLR325C	394	371	315
YLR328W	23	46	48
YLR330W	73	65	36
YLR332W	69	73	113
YLR333C	226	149	266
YLR335W	39	16	22
YLR337C	43	86	164
YLR340W	1071	628	1058
YLR342W	1793	1171	1547
YLR344W	261	160	353
YLR347C	91	75	49
YLR348C	37	26	66
YLR350W	55	18	65
YLR351C	8	21	7
YLR354C	143	222	138
YLR355C	1181	1239	1311
YLR357W	20	77	22
YLR359W	322	284	272
YLR363C	6	10	15
YLR367W	283	228	463
YLR370C	16	59	50
YLR371W	122	169	156
YLR372W	197	245	161
YLR373C	31	82	26
YLR378C	115	206	156
YLR380W	13	11	56
YLR384C	41	41	22
YLR388W	181	251	241
YLR389C	47	32	103
YLR390W-A	457	166	656
YLR392C	6	6	20
YLR396C	29	10	35
YLR398C	95	53	140
YLR399C	57	215	70
YLR403W	75	20	64
YLR406C	278	285	219
YLR410W	42	128	64
YLR413W	220	289	250
YLR414C	68	16	46
YLR420W	49	8	25
YLR421C	107	18	78
YLR422W	17	61	13
YLR425W	47	15	49
YLR426W	62	38	49
YLR429W	24	139	27
YLR430W	48	65	41
YLR432W	184	200	189
YLR436C	30	225	48
YLR441C	577	388	434
YLR447C	149	235	244
YLR448W	460	512	586
YLR449W	57	225	100
YLR450W	66	94	85
YLR454W	26	96	69
YML129C	56	10	41
YML128C	23	111	72
YML125C	63	84	23
YML124C	44	42	58
YML123C	640	265	555
YML117W	191	218	122
YML115C	8	65	10
YML111W	18	6	6
YML110C	11	71	24
YML106W	106	25	123
YML104C	24	20	31
YML103C	27	17	50
YML100W	71	101	117
YML093W	22	54	76
YML092C	31	154	80
YML086C	32	50	61
YML085C	83	112	107
YML081C-A	10	10	35
YML078W	16	35	10
YML074C	148	156	237
YML073C	358	355	420
YML072C	130	218	69
YML071C	8	100	6
YML070W	13	33	6
YML069W	72	11	50
YML067C	18	221	73
YML063W	800	924	810
YML058W	169	382	349
YML057W	41	41	28
YML056C	390	615	548
YML053C	33	27	23
YML052W	78	104	26
YML049C	41	28	28
YML048W	151	139	78
YML038C	37	13	102
YML035C	36	19	30
YML034W	30	18	29
YML031W	29	134	50
YML030W	9	9	6
YML028W	615	400	556
YML026C	475	117	478
YML025C	15	80	50
YML024W	363	262	360
YML022W	84	85	65
YML018C	13	21	22
YML017W	53	261	74
YML016C	30	23	22
YML012W	41	73	20
YML010W	35	68	117
YML008C	70	85	23
YML007W	56	24	45
YML006C	19	40	31
YML004C	53	43	51
YML001W	77	102	81
YMR002W	68	344	55
YMR005W	14	15	20
YMR008C	223	114	182
YMR009W	29	79	59
YMR011W	387	215	718
YMR012W	476	667	285
YMR013W-A	237	293	371
YMR014W	14	25	10
YMR016C	16	20	65
YMR022W	9	35	6
YMR031C	55	46	59
YMR033W	37	199	74
YMR037C	105	155	82
YMR038C	50	11	53
YMR039C	9	41	40
YMR043W	29	256	19
YMR047C	71	70	129
YMR054W	42	208	64
YMR058W	264	244	219
YMR060C	8	16	36
YMR061W	51	15	58
YMR063W	12	27	24
YMR070W	19	230	27
YMR072W	18	14	27
YMR074C	7	22	6
YMR079W	120	90	134
YMR080C	38	198	95
YMR083W	340	408	176
YMR088C	25	10	9
YMR092C	37	29	19
YMR099C	25	92	26
YMR100W	20	7	9
YMR102C	136	119	96
YMR105C	63	34	56
YMR108W	128	73	203
YMR109W	47	29	106
YMR116C	1799	1976	1743
YMR119W	51	253	100
YMR120C	319	382	449
YMR121C	41	13	61
YMR122W-A	345	377	593
YMR123W	17	38	49
YMR124W	78	11	148
YMR125W	38	104	44
YMR128W	13	26	20
YMR129W	22	47	29
YMR135C	19	47	12
YMR142C	520	745	969
YMR143W	524	254	602
YMR145C	72	87	126
YMR146C	153	62	135
YMR149W	23	11	116
YMR161W	18	48	28
YMR162C	24	18	28
YMR164C	6	50	22
YMR178W	56	11	35
YMR179W	24	7	32
YMR182W-A	125	122	286
YMR183C	23	53	23
YMR186W	1751	1164	1357
YMR188C	30	87	32
YMR189W	49	95	82
YMR191W	32	16	33
YMR194W	194	208	294
YMR195W	98	15	113
YMR196W	73	51	45
YMR197C	19	24	18
YMR198W	12	20	87
YMR199W	64	89	148
YMR200W	32	70	26
YMR202W	59	42	42
YMR203W	74	71	128
YMR205C	844	643	764
YMR216C	9	8	35
YMR217W	280	438	220
YMR219W	7	22	34
YMR225C	9	13	8
YMR226C	16	43	9
YMR229C	194	489	299
YMR230W	191	87	301
YMR235C	60	104	50
YMR237W	16	24	48
YMR238W	43	31	48
YMR241W	19	43	26
YMR242C	514	410	595
YMR243C	120	27	94
YMR246W	208	111	328
YMR247C	6	8	38
YMR251W-A	565	482	477
YMR255W	7	13	15
YMR258C	20	8	11
YMR260C	93	38	43
YMR261C	106	518	13
YMR266W	74	267	146
YMR272C	20	51	64
YMR276W	24	36	69
YMR278W	33	97	33
YMR290C	58	91	30
YMR291W	115	136	143
YMR295C	107	31	130
YMR296C	71	120	108
YMR297W	99	125	57
YMR299C	20	15	7
YMR300C	58	109	132
YMR303C	275	207	486
YMR304W	53	11	40
YMR305C	148	41	299
YMR307W	800	590	587
YMR308C	67	160	156
YMR309C	154	184	291
YMR311C	24	25	36
YMR313C	8	26	26
YMR314W	76	102	116
YMR315W	7	8	12
YMR316W	164	93	166
YMR318C	61	85	59
YMR319C	53	112	89
YNL330C	12	13	26
YNL327W	307	604	451
YNL323W	15	13	6
YNL322C	69	19	103
YNL311C	32	78	15
YNL308C	37	179	28
YNL307C	59	31	95
YNL302C	398	402	523
YNL301C	276	283	463
YNL300W	31	14	31
YNL297C	54	79	78
YNL292W	40	97	6
YNL290W	27	10	29
YNL289W	104	24	127
YNL288W	52	35	35
YNL287W	338	486	251
YNL284C	45	35	33
YNL283C	19	13	19
YNL281W	121	89	105
YNL280C	24	9	18
YNL278W	33	11	42
YNL272C	19	56	30
YNL271C	45	17	43
YNL268W	45	6	66
YNL261W	25	58	28
YNL259C	25	67	13
YNL255C	118	244	108
YNL251C	179	221	198
YNL248C	30	30	38
YNL247W	100	127	95
YNL244C	97	94	98
YNL243W	47	84	60
YNL241C	86	12	84
YNL239W	24	23	12
YNL230C	11	60	14
YNL222W	8	6	19
YNL220W	149	225	121
YNL217W	32	10	46
YNL213C	11	10	12
YNL209W	1179	971	1259
YNL208W	93	19	147
YNL197C	66	55	37
YNL192W	476	371	494
YNL190W	516	548	461
YNL189W	28	49	72
YNL186W	23	56	78
YNL178W	747	573	758
YNL176C	19	42	28
YNL162W	246	218	353
YNL161W	17	18	97
YNL159C	12	70	35
YNL156C	15	36	22
YNL155W	32	98	24
YNL154C	19	28	36
YNL147W	30	10	22
YNL145W	176	171	171
YNL141W	20	13	6
YNL139C	33	10	31
YNL138W	86	76	101
YNL135C	127	199	108
YNL132W	33	12	15
YNL131W	19	7	34
YNL130C	35	12	28
YNL127W	16	74	7
YNL123W	51	58	52
YNL121C	90	270	80
YNL118C	56	128	110
YNL113W	26	29	22
YNL112W	209	395	870
YNL111C	21	11	21
YNL110C	16	27	21
YNL108C	12	13	38
YNL104C	163	305	113
YNL101W	6	13	30
YNL096C	333	195	361
YNL090W	10	101	13
YNL088W	6	27	6
YNL087W	10	141	39
YNL085W	114	493	73
YNL079C	145	200	122
YNL077W	44	100	27
YNL076W	13	32	69
YNL074C	93	41	116
YNL071W	137	50	79
YNL069C	678	430	688
YNL067W	213	124	327
YNL066W	312	146	250
YNL064C	248	309	172
YNL061W	110	175	132
YNL056W	33	28	24
YNL055C	235	219	226
YNL049C	28	140	91
YNL045W	34	18	67
YNL044W	27	14	65
YNL042W-B	81	210	232
YNL037C	58	242	31
YNL035C	14	43	34
YNL031C	528	440	407
YNL030W	210	96	321
YNL027W	21	72	8
YNL026W	15	60	11
YNL024C-A	18	6	54
YNL020C	10	216	87
YNL016W	155	303	167
YNL015W	26	98	7
YNL011C	17	7	31
YNL010W	37	40	49
YNL007C	144	32	179
YNL004W	24	179	84
YNL003C	21	17	44
YNL002C	39	7	21
YNR001C	73	56	62
YNR006W	9	78	28
YNR013C	31	37	24
YNR016C	869	868	918
YNR017W	95	32	40
YNR018W	60	29	18
YNR019W	37	31	13
YNR021W	97	216	112
YNR030W	15	76	11
YNR033W	21	55	9
YNR037C	35	6	41
YNR043W	31	6	40
YNR047W	35	21	19
YNR049C	7	133	17
YNR051C	132	111	246
YNR052C	63	49	73
YNR053C	147	148	299
YNR059W	17	41	23
YNR067C	28	142	24
YNR075W	12	19	11
YOL158C	101	187	166
YOL149W	10	18	12
YOL145C	19	29	9
YOL143C	84	18	37
YOL140W	13	7	33
YOL139C	125	136	182
YOL136C	28	61	49
YOL130W	38	9	67
YOL129W	80	41	99
YOL127W	523	425	496
YOL126C	139	250	145
YOL125W	12	10	7
YOL123W	141	40	156
YOL121C	299	203	321
YOL120C	832	246	767
YOL119C	21	24	9
YOL115W	68	27	148
YOL111C	40	104	26
YOL109W	240	64	226
YOL105C	9	53	38
YOL103W	7	60	12
YOL098C	66	102	122
YOL097C	39	7	80
YOL086C	3655	3177	3820
YOL081W	465	987	540
YOL077C	37	28	6
YOL076W	6	20	10
YOL073C	8	9	20
YOL068C	7	42	11
YOL064C	12	28	7
YOL062C	18	23	36
YOL061W	109	106	72
YOL060C	22	71	115
YOL059W	144	217	130
YOL053W	20	74	63
YOL051W	8	38	30
YOL049W	12	14	30
YOL048C	9	8	11
YOL045W	18	53	44
YOL041C	25	24	13
YOL040C	727	409	568
YOL039W	351	251	510
YOL038W	40	81	31
YOL030W	152	111	130
YOL021C	42	96	82
YOL020W	61	60	72
YOL019W	19	66	40
YOL016C	397	342	311
YOL015W	8	150	43
YOL014W	20	51	26
YOL013W-A	79	6	78
YOL012C	16	9	27
YOL011W	124	156	185
YOL006C	21	71	25
YOL005C	14	18	18
YOL004W	87	305	98
YOL003C	22	222	17
YOR001W	9	113	11
YOR002W	20	16	30
YOR007C	111	69	70
YOR008C	65	265	116
YOR014W	105	175	158
YOR017W	6	9	7
YOR018W	37	75	13
YOR020C	139	162	107
YOR021C	7	8	20
YOR023C	40	80	46
YOR025W	9	48	7
YOR027W	283	317	214
YOR030W	17	11	6
YOR035C	72	126	98
YOR039W	31	25	41
YOR042W	22	18	52
YOR043W	110	126	155
YOR045W	43	125	60
YOR046C	66	24	73
YOR047C	32	70	45
YOR048C	6	7	20
YOR051C	19	33	8
YOR052C	89	55	85
YOR054C	7	74	17
YOR058C	12	38	9
YOR060C	14	17	24
YOR062C	42	190	96
YOR063W	1302	1233	1149
YOR067C	49	43	37
YOR072W-B	72	354	265
YOR085W	19	14	21
YOR086C	53	90	91
YOR087W	11	10	12
YOR089C	43	274	11
YOR093C	7	89	18
YOR095C	34	6	48
YOR096W	579	267	459
YOR097C	13	13	9
YOR098C	30	89	17
YOR103C	18	84	23
YOR108W	39	181	28
YOR109W	44	6	13
YOR113W	44	251	24
YOR116C	28	56	60
YOR117W	55	15	39
YOR120W	7	19	50
YOR122C	125	340	208
YOR128C	128	23	123
YOR133W	2222	1401	1519
YOR136W	88	164	35
YOR137C	13	67	27
YOR140W	22	14	37
YOR142W	38	60	53
YOR145C	16	7	10
YOR147W	6	12	29
YOR151C	201	438	189
YOR153W	3286	2078	2325
YOR157C	29	9	40
YOR158W	22	14	30
YOR161C	14	26	42
YOR165W	8	24	6
YOR167C	275	149	204
YOR168W	65	201	57
YOR171C	12	10	16
YOR175C	38	51	19
YOR181W	66	82	121
YOR182C	216	98	345
YOR184W	23	34	9
YOR187W	25	51	75
YOR196C	21	19	21
YOR197W	35	88	70
YOR198C	277	157	206
YOR204W	932	400	833
YOR208W	14	63	35
YOR209C	168	186	131
YOR211C	27	8	53
YOR212W	33	46	51
YOR216C	8	34	10
YOR219C	83	148	50
YOR220W	80	71	44
YOR221C	89	48	90
YOR224C	69	166	70
YOR226C	27	27	67
YOR230W	264	169	244
YOR231W	22	13	19
YOR232W	56	38	10
YOR234C	208	189	162
YOR235W	72	125	94
YOR237W	19	73	12
YOR239W	101	19	99
YOR241W	50	12	69
YOR243C	8	23	23
YOR244W	18	206	10
YOR247W	305	363	440
YOR254C	114	56	83
YOR257W	11	143	15
YOR259C	62	42	92
YOR260W	17	13	21
YOR261C	45	145	44
YOR267C	115	233	147
YOR270C	242	240	216
YOR271C	62	36	38
YOR272W	7	29	31
YOR273C	208	274	167
YOR275C	15	38	18
YOR276W	74	27	37
YOR281C	8	11	11
YOR283W	52	98	6
YOR285W	60	9	71
YOR290C	49	13	31
YOR292C	23	96	39
YOR293W	453	375	541
YOR298C-A	201	205	242
YOR299W	43	31	83
YOR303W	34	38	62
YOR310C	24	20	32
YOR311C	28	7	9
YOR312C	548	440	569
YOR317W	15	47	14
YOR322C	12	204	46
YOR323C	72	102	125
YOR326W	63	206	84
YOR327C	43	32	27
YOR329C	15	25	25
YOR332W	209	183	143
YOR335C	225	273	240
YOR336W	91	34	57
YOR340C	8	12	39
YOR341W	152	483	172
YOR342C	41	92	66
YOR344C	155	58	254
YOR355W	28	27	25
YOR360C	18	51	20
YOR361C	99	97	154
YOR362C	29	160	42
YOR369C	899	330	622
YOR370C	11	8	47
YOR372C	16	61	26
YOR374W	77	75	83
YOR375C	164	145	134
YOR382W	41	9	20
YOR383C	236	240	125
YOR385W	176	90	167
YOR386W	55	6	7
YOR390W	41	18	33
YPL273W	56	76	47
YPL271W	34	38	46
YPL266W	9	6	6
YPL265W	35	108	48
YPL263C	46	7	74
YPL262W	59	47	85
YPL260W	125	73	88
YPL259C	41	118	59
YPL256C	20	32	27
YPL249C-A	520	158	474
YPL246C	24	238	7
YPL243W	44	18	35
YPL242C	11	8	8
YPL240C	720	480	443
YPL239W	32	9	12
YPL237W	101	55	111
YPL236C	28	269	53
YPL235W	26	10	14
YPL234C	133	68	120
YPL233W	41	27	47
YPL232W	45	55	92
YPL231W	1454	1503	1758
YPL228W	37	46	13
YPL226W	183	104	324
YPL225W	25	15	15
YPL221W	102	127	178
YPL220W	720	480	598
YPL218W	57	68	132
YPL217C	57	17	143
YPL210C	39	9	20
YPL203W	25	17	49
YPL198W	210	261	361
YPL195W	16	10	9
YPL190C	159	150	116
YPL184C	28	12	19
YPL179W	71	172	101
YPL178W	38	11	19
YPL173W	10	23	11
YPL169C	15	29	7
YPL168W	9	11	14
YPL163C	41	7	44
YPL160W	388	371	246
YPL156C	40	29	16
YPL154C	416	95	384
YPL149W	36	63	40
YPL148C	16	14	31
YPL146C	25	43	36
YPL145C	246	69	200
YPL143W	371	341	576
YPL141C	10	75	54
YPL140C	20	22	70
YPL137C	128	140	200
YPL135W	59	52	44
YPL131W	1013	567	1026
YPL129W	48	45	112
YPL127C	13	19	55
YPL126W	36	21	46
YPL118W	24	6	22
YPL117C	23	25	35
YPL115C	19	77	35
YPL109C	72	43	28
YPL106C	1027	710	900
YPL105C	21	63	22
YPL094C	40	42	49
YPL093W	62	103	28
YPL091W	40	28	62
YPL090C	590	417	528
YPL089C	11	13	9
YPL087W	71	14	8
YPL085W	71	181	124
YPL084W	18	49	24
YPL081W	175	156	217
YPL079W	368	604	463
YPL075W	38	51	107
YPL074W	8	12	6
YPL070W	15	73	22
YPL063W	40	313	53
YPL061W	682	513	1155
YPL059W	25	143	9
YPL057C	263	331	379
YPL055C	29	63	38
YPL053C	9	24	29
YPL050C	41	321	79
YPL049C	80	192	67
YPL048W	72	92	83
YPL043W	13	12	14
YPL037C	146	89	134
YPL032C	113	161	105
YPL028W	146	126	134
YPL026C	11	327	56
YPL023C	39	14	30
YPL019C	106	224	90
YPL018W	18	70	11
YPL016W	15	16	10
YPL014W	76	9	117
YPL012W	45	216	125
YPL004C	208	85	183
YPL001W	35	14	13
YPR004C	39	89	37
YPR008W	32	36	22
YPR009W	9	7	18
YPR010C	131	171	179
YPR016C	37	67	33
YPR023C	33	16	12
YPR024W	58	95	36
YPR028W	188	519	324
YPR033C	46	191	29
YPR034W	6	10	14
YPR035W	778	611	890
YPR036W	176	671	187
YPR036W-A	502	259	482
YPR041W	87	26	73
YPR042C	42	81	114
YPR043W	462	372	428
YPR048W	6	16	25
YPR055W	12	18	13
YPR062W	15	16	34
YPR063C	46	32	32
YPR065W	37	76	25
YPR074C	456	386	445
YPR080W	2335	2774	2313
YPR089W	21	78	41
YPR091C	74	27	112
YPR093C	102	113	197
YPR100W	27	7	40
YPR102C	450	284	406
YPR103W	80	49	84
YPR108W	90	80	72
YPR108W-A	10	49	43
YPR110C	31	11	34
YPR112C	7	28	7
YPR114W	33	100	122
YPR115W	12	75	31
YPR117W	18	58	23
YPR118W	14	165	18
YPR119W	29	15	12
YPR129W	8	13	48
YPR132W	347	103	471
YPR133W-A	28	11	28
YPR138C	40	120	69
YPR143W	15	47	26
YPR144C	40	34	7
YPR145W	571	476	478
YPR147C	7	6	8
YPR149W	394	115	367
YPR153W	16	6	69
YPR154W	147	82	163
YPR156C	106	194	18
YPR158W	52	61	22
YPR159W	157	181	196
YPR163C	292	138	163
YPR164W	34	21	29
YPR165W	200	103	340
YPR169W	7	11	60
YPR171W	6	10	13
YPR173C	16	64	14
YPR180W	8	69	12
YPR181C	262	355	325
YPR183W	21	45	36
YPR189W	20	24	37
YPR191W	26	40	32
Q0045	175	239	442
Q0085	53	100	116
Q0105	109	71	145
Q0130	115	47	192
Q0250	193	154	332
Q0275	129	108	75
